3465
3474
3492
3534
3249
5308
10560
14075
17237
17241
16957
18810
20737
21854
24036
24038
24040
24663
25608
27598
29984
33359
38907
38393
47688
57633
57636
62621
65546
67989
67262
67401
68197
72373
75834
82281
83222
83701
83938
86096
86103
86335
88412
87709
89619
89859
90578
91232
93083
93084
93131
93292
96568
96566
97038
96259
103701
109221
108688
114439
115620
117910
117626
117629
121769
121162
127831
127837
130262
138614
143137
142241
142285
141733
143378
143422
143460
147357
147370
147397
147411
147452
147454
147031
147193
148716
154651
153899
155743
157546
158332
158733
158763
159876
160598
170434
172982
177255
179188
178123
182121
182155
184689
184937
188284
188692
195586
195205
197960
198110
202546
205178
204861
207361
209119
210780
209316
209395
209149
209239
212516
213272
214168
213350
214941
216451
215429
218505
220490
221406
221452
221611
222646
223103
223035
225566
224504
224537
228450
229442
231030
232163
232203
231636
232530
235167
235171
235992
240089
240243
239418
239904
240728
241052
241638
241218
253277
256930
256928
255827
259620
262057
261221
263300
263535
266569
269065
269068
269868
270675
275129
275160
276329
278781
282316
285984
284431
284174
288386
293639
294510
298796
301865
307929
309034
308635
308638
310631
311751
313714
313787
319239
322230
322643
322056
323994
325132
324658
333237
334447
337056
339279
337339
339277
337113
340351
343078
343083
341795
348413
348787
349003
349825
348857
348958
351436
352573
352350
354028
356063
356795
357644
357192
357199
356674
356748
356756
358380
360016
360038
359567
359333
360179
360277
360285
360781
362094
360969
360406
360410
363300
363303
364649
365472
366272
366600
366608
366655
367846
367895
367676
368704
369186
368940
370867
372482
374245
374016
374020
374920
377203
377848
378545
378694
380422
382696
380663
383392
383403
384985
386107
386626
387268
388748
388007
388511
387633
388206
388246
390015
392141
392236
390302
390307
390309
390316
391155
392933
393631
395041
395074
395181
397142
396857
396586
398267
397774
398665
400951
402037
406022
405324
404194
404906
406442
407224
408298
408300
408302
408658
408539
408924
408954
408981
410352
409292
410804
410564
410591
411650
413845
414791
415776
416149
416162
416169
416180
416192
416202
416208
416237
416241
416255
416454
418342
417172
418456
418460
418471
418477
418485
418490
418500
418505
418510
418514
418519
418525
420459
423560
424206
424372
425920
427851
428480
428857
430860
433388
433386
436589
436248
436752
438291
440581
442124
442164
442175
442178
442181
445010
447534
447618
448167
451111
451191
454100
454752
454875
457929
457931
458739
458740
458743
458751
458772
458787
458800
458816
458818
458821
458827
458830
458834
458840
458850
458860
464027
464534
465508
467883
471272
471370
